1 bfs 0.15300250053405762 12
2 bfs 0.019107818603515625 9
3 bfs 0.280001163482666 15
4 bfs 0.03033757209777832 7
5 bfs 589.2578032016754 20
6 bfs 0.015016317367553711 19
7 bfs 1.2873239517211914 21
8 bfs 0.2718849182128906 97
9 bfs 0.01710677146911621 8
10 bfs 0.03598737716674805 33
11 bfs 0.039071083068847656 34
12 bfs 0.12521719932556152 23
13 bfs 0.2020282745361328 31
14 bfs 4.174700021743774 23
15 bfs 0.3530700206756592 105
16 bfs 32.65260076522827 34
17 bfs 41.15518379211426 0
17 bfs 34.58533811569214 0
17 bfs 31.052380084991455 0
1 bfs 1.5729990005493164 12
1 bfs 0.6739559173583984 12
1 bfs 0.6189947128295898 12
1 bfs 0.612004280090332 12
1 bfs 1.811523675918579 12
1 bfs 0.8560011386871338 12
1 bfs 0.1580033302307129 12
1 bfs 0.12749171257019043 12
2 bfs 0.009997129440307617 9
3 bfs 0.28510260581970215 15
4 bfs 0.014106512069702148 7
1 bfs 0.12252163887023926 12
2 bfs 0.0200655460357666 9
3 bfs 0.23807406425476074 15
4 bfs 0.019003868103027344 7
