1 ucs 0.12795519828796387 12
2 ucs 0.010953426361083984 9
3 ucs 0.2560734748840332 15
4 ucs 0.007995367050170898 7
5 ucs 689.7220041751862 20
6 ucs 0.01799750328063965 19
7 ucs 1.4000639915466309 21
8 ucs 0.4530065059661865 97
9 ucs 0.02298879623413086 8
10 ucs 0.042962074279785156 33
11 ucs 0.04099392890930176 34
12 ucs 0.1510000228881836 23
13 ucs 0.2609889507293701 31
14 ucs 4.195175886154175 23
15 ucs 0.5259847640991211 105
16 ucs 34.70832061767578 34

18 ucs 990.0004014968872 0

1 dfs 0.0785987377166748 79
2 dfs 0.007938861846923828 24
3 dfs 0.2929861545562744 403
4 dfs 0.003000020980834961 27
5 dfs 1110.3113541603088 0
6 dfs 0.031983137130737305 55
7 dfs 0.6660823822021484 707
8 dfs 0.10090804100036621 323
9 dfs 0.3357424736022949 74
10 dfs 0.023108959197998047 37
11 dfs 0.022999286651611328 36
12 dfs 0.23001503944396973 109
13 dfs 0.29999446868896484 185
14 dfs 4.822062730789185 865
15 dfs 0.20700836181640625 291
16 dfs 32776.079708099365 0
17 dfs 55.54168462753296 0
18 dfs 990.0003292560577 0


1 bfs 0.11502766609191895 12
2 bfs 0.023000478744506836 9
3 bfs 0.28795313835144043 15
4 bfs 0.019954681396484375 7
5 bfs 418.3381698131561 20
1 bfs 0.12576961517333984 12
1 bfs 0.12591075897216797 12
5 dfs 990.0591492652893 0
