1 ucs 0.13198566436767578 12
2 ucs 0.01999831199645996 9
3 ucs 0.2428889274597168 15
4 ucs 0.021063566207885742 7
5 ucs 363.743262052536 20
6 ucs 0.028995990753173828 19
7 ucs 1.3411507606506348 21
8 ucs 0.3481006622314453 97
9 ucs 0.026096343994140625 8
10 ucs 0.028014421463012695 33
11 ucs 0.03007054328918457 34
12 ucs 0.15019464492797852 23
13 ucs 0.276874303817749 31
14 ucs 4.251154899597168 23
15 ucs 0.4559204578399658 105
16 ucs 30.66823101043701 34
17 ucs 31.54006314277649 0
18 ucs 990.000120639801 0
1 ucs 0.17998695373535156 12
2 ucs 0.009999752044677734 9
3 ucs 0.3030853271484375 15
4 ucs 0.023000717163085938 7
1 ucs 0.1352980136871338 12
2 ucs 0.006999492645263672 9
1 ucs 0.4465053081512451 12
